0 0.113542 0.701072 0.160417 0.308311
0 0.104167 0.386059 0.108333 0.219839
0 0.050000 0.293566 0.095833 0.190349
0 0.088542 0.243968 0.056250 0.176944
0 0.207292 0.367292 0.122917 0.171582
0 0.195833 0.297587 0.095833 0.134048
0 0.265625 0.332440 0.077083 0.203753
0 0.331250 0.463807 0.091667 0.273458
0 0.423958 0.525469 0.122917 0.262735
0 0.332292 0.249330 0.127083 0.166220
0 0.370833 0.276139 0.100000 0.182306
0 0.434375 0.332440 0.118750 0.203753
0 0.483333 0.414209 0.087500 0.260054
0 0.596875 0.416890 0.097917 0.265416
0 0.518750 0.245308 0.108333 0.201072
0 0.662500 0.280161 0.104167 0.152815
0 0.759375 0.558981 0.089583 0.340483
0 0.786458 0.416890 0.160417 0.249330
0 0.882292 0.493298 0.122917 0.343164
