0 0.113542 0.686327 0.185417 0.284182
0 0.323958 0.454424 0.102083 0.254692
0 0.427083 0.520107 0.116667 0.257373
0 0.758333 0.545576 0.112500 0.340483
0 0.698958 0.541555 0.097917 0.252011
0 0.871875 0.482574 0.139583 0.321716
0 0.594792 0.419571 0.110417 0.265416
0 0.787500 0.411528 0.158333 0.222520
0 0.097917 0.390080 0.112500 0.227882
0 0.053125 0.289544 0.093750 0.187668
0 0.097917 0.256032 0.066667 0.184987
0 0.205208 0.387399 0.135417 0.206434
0 0.190625 0.294906 0.097917 0.139410
0 0.265625 0.316354 0.085417 0.182306
0 0.365625 0.277480 0.127083 0.227882
0 0.460417 0.336461 0.075000 0.217158
0 0.484375 0.410188 0.085417 0.268097
0 0.509375 0.260054 0.106250 0.198391
0 0.681250 0.282842 0.104167 0.152815
