0 0.404167 0.743993 0.227083 0.360444
0 0.213021 0.548059 0.188542 0.341959
0 0.058854 0.439002 0.111458 0.231054
0 0.114062 0.333641 0.113542 0.238447
0 0.166146 0.458410 0.105208 0.158965
0 0.315104 0.497227 0.163542 0.277264
0 0.103646 0.163586 0.107292 0.253235
0 0.285938 0.214418 0.115625 0.203327
0 0.405729 0.414972 0.132292 0.182994
0 0.202604 0.330869 0.080208 0.151571
0 0.213021 0.376155 0.021875 0.179298
0 0.238021 0.409427 0.073958 0.182994
0 0.323958 0.358595 0.091667 0.240296
0 0.424479 0.283734 0.111458 0.290203
0 0.428646 0.226433 0.082292 0.205176
0 0.493750 0.263401 0.068750 0.282810
0 0.516146 0.318854 0.071875 0.205176
0 0.535937 0.289279 0.088542 0.208872
0 0.591146 0.338262 0.115625 0.214418
0 0.620313 0.583179 0.144792 0.353050
0 0.743750 0.666359 0.195833 0.419593
0 0.791146 0.578558 0.169792 0.262477
0 0.932813 0.564695 0.134375 0.271719
0 0.917188 0.395564 0.130208 0.251386
0 0.859896 0.417745 0.063542 0.181146
0 0.821875 0.392791 0.108333 0.194085
0 0.727083 0.325323 0.102083 0.251386
0 0.759896 0.317930 0.053125 0.121996
0 0.653125 0.318854 0.064583 0.194085
