0 0.400521 0.743068 0.236458 0.358595
0 0.381250 0.625693 0.225000 0.219963
0 0.753646 0.672828 0.209375 0.458410
0 0.619792 0.568392 0.172917 0.323475
0 0.791667 0.592421 0.168750 0.256932
0 0.933333 0.557301 0.133333 0.253235
0 0.916146 0.402957 0.132292 0.262477
0 0.859375 0.420518 0.037500 0.160813
0 0.818750 0.390943 0.106250 0.197782
0 0.214062 0.555453 0.184375 0.364140
0 0.314063 0.485213 0.163542 0.249538
0 0.400521 0.424214 0.130208 0.186691
0 0.056771 0.428835 0.109375 0.203327
0 0.154688 0.413124 0.140625 0.275416
0 0.237500 0.402957 0.108333 0.177449
0 0.308333 0.365989 0.093750 0.218115
0 0.393750 0.424214 0.125000 0.208872
0 0.098437 0.152495 0.117708 0.234750
0 0.273438 0.211645 0.132292 0.216266
0 0.417708 0.268946 0.116667 0.253235
0 0.423958 0.231978 0.060417 0.197782
0 0.451042 0.244917 0.064583 0.153420
0 0.485938 0.252311 0.055208 0.245841
0 0.509896 0.335490 0.059375 0.208872
0 0.508333 0.261553 0.068750 0.153420
0 0.590625 0.298521 0.095833 0.205176
0 0.709375 0.310536 0.120833 0.258780
