0 0.233594 0.606250 0.107813 0.140278
0 0.161719 0.515972 0.085938 0.115278
0 0.146484 0.481250 0.066406 0.101389
0 0.049609 0.267361 0.069531 0.081944
0 0.101562 0.256944 0.071875 0.086111
0 0.214062 0.327778 0.062500 0.075000
0 0.376563 0.434722 0.059375 0.086111
0 0.344531 0.275000 0.062500 0.091667
0 0.400000 0.277083 0.065625 0.081944
0 0.535156 0.266667 0.071875 0.083333
0 0.531250 0.352778 0.071875 0.094444
0 0.588281 0.438194 0.054688 0.101389
0 0.592578 0.397222 0.083594 0.094444
0 0.715234 0.515278 0.071094 0.094444
0 0.765625 0.420833 0.048438 0.105556
0 0.834375 0.405556 0.054688 0.102778
0 0.880859 0.508333 0.080469 0.116667
