0 0.054297 0.884722 0.064844 0.100000
0 0.029687 0.731250 0.048438 0.112500
0 0.067578 0.800000 0.088281 0.094444
0 0.071875 0.538194 0.068750 0.098611
0 0.113672 0.574306 0.053906 0.112500
0 0.230859 0.640972 0.041406 0.087500
0 0.186328 0.496528 0.088281 0.106944
0 0.191797 0.420139 0.080469 0.084722
0 0.243750 0.381250 0.085938 0.087500
0 0.211328 0.261806 0.099219 0.115278
0 0.287891 0.180556 0.080469 0.094444
0 0.297656 0.337500 0.048438 0.102778
0 0.351172 0.684722 0.060156 0.108333
0 0.387109 0.141667 0.083594 0.105556
0 0.439844 0.218056 0.076563 0.091667
0 0.401172 0.548611 0.064844 0.088889
0 0.689453 0.585417 0.061719 0.090278
0 0.686719 0.664583 0.057813 0.090278
0 0.773828 0.625000 0.055469 0.080556
0 0.789453 0.503472 0.083594 0.115278
0 0.625000 0.168056 0.079687 0.094444
0 0.662500 0.247917 0.079687 0.090278
0 0.688672 0.212500 0.089844 0.100000
0 0.779297 0.277083 0.067969 0.087500
0 0.794141 0.316667 0.074219 0.100000
0 0.818750 0.372917 0.050000 0.115278
0 0.888672 0.183333 0.072656 0.091667
