0 0.552865 0.772685 0.131771 0.167593
0 0.407813 0.840741 0.079167 0.148148
0 0.834635 0.801389 0.143229 0.150926
0 0.950781 0.557870 0.098437 0.128704
0 0.979167 0.490278 0.041667 0.112037
0 0.947656 0.387500 0.104688 0.112037
0 0.667708 0.177315 0.061458 0.099074
0 0.304427 0.650463 0.104688 0.145370
0 0.474740 0.595833 0.153646 0.137963
0 0.448437 0.551389 0.177083 0.134259
0 0.363802 0.473611 0.145313 0.117593
0 0.200781 0.380093 0.126562 0.099074
0 0.136198 0.306481 0.113021 0.098148
0 0.165104 0.251389 0.123958 0.099074
0 0.029948 0.287037 0.058854 0.085185
0 0.103646 0.191204 0.081250 0.058333
0 0.057813 0.117130 0.065625 0.067593
0 0.041667 0.138889 0.079167 0.072222
0 0.168229 0.125000 0.072917 0.072222
0 0.196094 0.162500 0.103646 0.078704
0 0.323437 0.233796 0.086458 0.084259
0 0.288021 0.200463 0.088542 0.091667
0 0.767969 0.593056 0.167187 0.125000
0 0.756510 0.453704 0.145313 0.105556
0 0.800781 0.523611 0.161979 0.097222
0 0.403646 0.375463 0.117708 0.086111
0 0.484115 0.392593 0.133854 0.105556
0 0.564844 0.380556 0.118229 0.109259
0 0.651823 0.356944 0.113021 0.091667
0 0.389583 0.150000 0.104167 0.092593
0 0.317448 0.140278 0.067187 0.089815
0 0.610417 0.245370 0.126042 0.111111
0 0.575781 0.319907 0.134896 0.106481
