0 0.047396 0.369907 0.038542 0.039815
0 0.110937 0.370833 0.044792 0.043519
0 0.164323 0.382870 0.047396 0.034259
0 0.187760 0.403704 0.039062 0.038889
0 0.238021 0.416204 0.048958 0.067593
0 0.248958 0.351389 0.039583 0.034259
0 0.334375 0.348148 0.037500 0.040741
0 0.444010 0.343056 0.032813 0.030556
0 0.488281 0.328241 0.038021 0.043519
0 0.484896 0.356944 0.038542 0.039815
0 0.516406 0.367593 0.038021 0.037037
0 0.364063 0.460185 0.054167 0.064815
0 0.325260 0.493519 0.057813 0.062963
0 0.201302 0.537963 0.066146 0.066667
0 0.071875 0.534259 0.069792 0.055556
0 0.055729 0.572685 0.066667 0.056481
0 0.414323 0.582870 0.070312 0.065741
0 0.495312 0.479167 0.057292 0.047222
0 0.473177 0.547685 0.065104 0.073148
0 0.480208 0.659722 0.077083 0.093519
0 0.558333 0.599074 0.037500 0.068519
0 0.480208 0.429630 0.047917 0.048148
0 0.451042 0.394444 0.037500 0.037037
0 0.462760 0.379167 0.046354 0.043519
0 0.580729 0.341204 0.035417 0.034259
0 0.596354 0.367593 0.033333 0.027778
0 0.586198 0.386111 0.035937 0.038889
0 0.601042 0.392130 0.042708 0.037963
0 0.619792 0.405556 0.045833 0.044444
0 0.668229 0.453704 0.056250 0.055556
0 0.692448 0.541667 0.059896 0.055556
0 0.718229 0.697222 0.093750 0.096296
0 0.788802 0.592593 0.065104 0.087037
0 0.832812 0.512963 0.066667 0.053704
0 0.679427 0.362037 0.041146 0.033333
0 0.715365 0.397685 0.040104 0.036111
0 0.741406 0.376852 0.040104 0.035185
0 0.714583 0.396296 0.047917 0.048148
0 0.756250 0.409259 0.043750 0.037037
0 0.796094 0.449537 0.043229 0.052778
0 0.815625 0.364815 0.038542 0.042593
0 0.830729 0.389352 0.051042 0.049074
0 0.929948 0.573611 0.038021 0.071296
0 0.948958 0.458333 0.043750 0.057407
0 0.958073 0.422222 0.043229 0.038889
0 0.947917 0.388889 0.046875 0.038889
0 0.902865 0.352315 0.035937 0.037963
0 0.943490 0.343981 0.028646 0.026852
