0 0.453516 0.640278 0.055469 0.075000
0 0.494922 0.602083 0.050781 0.070833
0 0.522656 0.560417 0.056250 0.065278
0 0.565234 0.573611 0.050781 0.075000
0 0.585938 0.508333 0.067187 0.077778
0 0.636719 0.511806 0.054688 0.070833
0 0.600391 0.639583 0.171094 0.168056
0 0.692578 0.477778 0.067969 0.083333
0 0.746094 0.459028 0.048438 0.070833
0 0.745313 0.387500 0.059375 0.058333
0 0.791406 0.365972 0.046875 0.054167
0 0.812500 0.341667 0.050000 0.052778
0 0.871094 0.318750 0.043750 0.059722
0 0.949609 0.292361 0.063281 0.068056
