0 0.388802 0.831019 0.133854 0.071296
0 0.521354 0.848611 0.072917 0.071296
0 0.712500 0.690278 0.081250 0.054630
0 0.730208 0.661111 0.059375 0.066667
0 0.875260 0.789352 0.053646 0.073148
0 0.126302 0.555556 0.049479 0.109259
0 0.342448 0.491204 0.063021 0.108333
0 0.078385 0.446759 0.054688 0.110185
0 0.045052 0.241204 0.029687 0.076852
0 0.033854 0.364815 0.058333 0.087037
0 0.189583 0.184259 0.034375 0.098148
0 0.163281 0.412037 0.074479 0.159259
0 0.227604 0.391667 0.045833 0.114815
0 0.195833 0.324537 0.052083 0.050926
0 0.303125 0.351852 0.034375 0.081481
0 0.563021 0.425463 0.039583 0.100926
0 0.600781 0.423148 0.047396 0.109259
0 0.701302 0.410648 0.068229 0.097222
0 0.788281 0.418519 0.053646 0.085185
0 0.820573 0.466204 0.065104 0.065741
0 0.915365 0.669907 0.063021 0.062037
0 0.973177 0.654630 0.053646 0.070370
0 0.941927 0.781944 0.116146 0.086111
0 0.971875 0.729167 0.056250 0.058333
0 0.163281 0.342130 0.057813 0.047222
0 0.274740 0.329630 0.084896 0.081481
0 0.272917 0.286111 0.041667 0.038889
0 0.347396 0.307407 0.066667 0.088889
0 0.477344 0.319907 0.047396 0.069444
0 0.263281 0.209259 0.027604 0.074074
0 0.254167 0.153241 0.036458 0.058333
0 0.386458 0.248611 0.053125 0.084259
0 0.285677 0.143981 0.023438 0.067593
0 0.298438 0.180093 0.022917 0.091667
0 0.336198 0.131944 0.029687 0.087963
0 0.333333 0.208333 0.020833 0.087037
0 0.370312 0.151389 0.027083 0.080556
0 0.410677 0.171759 0.029687 0.063889
0 0.436719 0.219907 0.024479 0.067593
0 0.496615 0.218981 0.031771 0.071296
0 0.447656 0.158796 0.044271 0.056481
0 0.507292 0.158333 0.051042 0.070370
