0 0.121875 0.697685 0.054167 0.056481
0 0.251042 0.742593 0.097917 0.070370
0 0.283333 0.715278 0.091667 0.060185
0 0.437500 0.589815 0.042708 0.057407
0 0.400260 0.581481 0.031771 0.042593
0 0.370573 0.572222 0.044271 0.050000
0 0.390104 0.760648 0.058333 0.071296
0 0.447656 0.723148 0.035937 0.055556
0 0.497917 0.727778 0.084375 0.061111
0 0.509115 0.749074 0.074479 0.057407
0 0.633333 0.649074 0.036458 0.061111
0 0.691927 0.746759 0.073438 0.043519
0 0.702083 0.684259 0.085417 0.064815
0 0.728906 0.678241 0.095312 0.049074
0 0.724740 0.643981 0.036979 0.047222
0 0.822396 0.655093 0.048958 0.056481
0 0.866406 0.731481 0.065104 0.055556
0 0.938802 0.712500 0.044271 0.067593
0 0.935156 0.554630 0.042188 0.042593
0 0.939323 0.513889 0.039062 0.044444
0 0.975781 0.483333 0.025521 0.064815
0 0.875260 0.406944 0.025521 0.063889
0 0.911198 0.402778 0.023438 0.048148
0 0.901823 0.343056 0.022396 0.060185
0 0.809896 0.368519 0.021875 0.062963
