0 0.225000 0.882639 0.154688 0.234722
0 0.231250 0.743750 0.064062 0.106944
0 0.292578 0.713194 0.061719 0.109722
0 0.313672 0.742361 0.058594 0.087500
0 0.364453 0.668750 0.057031 0.090278
0 0.423047 0.663194 0.060156 0.106944
0 0.400781 0.643056 0.040625 0.088889
0 0.448828 0.590972 0.058594 0.090278
0 0.494922 0.536111 0.063281 0.083333
0 0.539453 0.459722 0.055469 0.069444
0 0.588672 0.404167 0.058594 0.080556
0 0.659766 0.369444 0.060156 0.072222
0 0.735156 0.327083 0.059375 0.062500
0 0.788672 0.266667 0.042969 0.052778
0 0.866797 0.261111 0.046094 0.055556
0 0.937500 0.245139 0.048438 0.059722
