0 0.676042 0.759259 0.088542 0.144444
0 0.346094 0.641667 0.072396 0.124074
0 0.457552 0.463426 0.055729 0.067593
0 0.049219 0.518056 0.051562 0.071296
0 0.026302 0.456019 0.049479 0.075000
0 0.127865 0.424537 0.056771 0.062037
0 0.199479 0.498148 0.056250 0.081481
0 0.033333 0.350000 0.035417 0.048148
0 0.015625 0.313426 0.017708 0.065741
0 0.085417 0.312963 0.038542 0.050000
0 0.248958 0.423148 0.035417 0.050000
0 0.218229 0.409722 0.036458 0.062037
0 0.213021 0.325000 0.026042 0.048148
0 0.246094 0.305556 0.028646 0.040741
0 0.338802 0.459259 0.046354 0.059259
0 0.284115 0.357870 0.029687 0.062037
0 0.335417 0.390278 0.051042 0.043519
0 0.404948 0.364815 0.029687 0.050000
0 0.315104 0.296759 0.025000 0.032407
0 0.426823 0.286111 0.032813 0.051852
0 0.526302 0.287963 0.032813 0.040741
0 0.549740 0.304630 0.033854 0.048148
0 0.573958 0.276389 0.023958 0.045370
0 0.604688 0.250926 0.017708 0.029630
0 0.603646 0.326389 0.020833 0.054630
0 0.628385 0.268519 0.021354 0.042593
0 0.651302 0.301389 0.036979 0.045370
0 0.670052 0.250463 0.026562 0.037963
0 0.745573 0.325926 0.026562 0.053704
0 0.719271 0.587963 0.061458 0.122222
0 0.768750 0.539352 0.068750 0.100926
0 0.709635 0.408333 0.052604 0.064815
0 0.694010 0.381019 0.050521 0.065741
0 0.859375 0.385185 0.034375 0.072222
0 0.883333 0.423148 0.045833 0.075926
0 0.918750 0.401852 0.042708 0.070370
0 0.976302 0.522685 0.047396 0.112037
0 0.984896 0.640741 0.030208 0.112963
