0 0.057292 0.307407 0.023958 0.048148
0 0.015365 0.346759 0.022396 0.043519
0 0.059375 0.410185 0.035417 0.066667
0 0.132292 0.486111 0.046875 0.066667
0 0.168750 0.398148 0.035417 0.046296
0 0.222917 0.413426 0.032292 0.050926
0 0.188802 0.308333 0.045312 0.075926
0 0.224479 0.297222 0.025000 0.037037
0 0.257812 0.352778 0.023958 0.053704
0 0.301823 0.294907 0.020313 0.028704
0 0.292448 0.383796 0.030729 0.050926
0 0.294271 0.450463 0.041667 0.049074
0 0.391146 0.349537 0.032292 0.054630
0 0.405208 0.287500 0.020833 0.043519
0 0.440885 0.461574 0.046354 0.060185
0 0.505729 0.283796 0.026042 0.032407
0 0.514583 0.302315 0.027083 0.034259
0 0.555208 0.278241 0.021875 0.025000
0 0.561198 0.316667 0.043229 0.053704
0 0.601042 0.250000 0.018750 0.025926
0 0.633333 0.272222 0.029167 0.035185
0 0.627344 0.297685 0.029687 0.037963
0 0.661979 0.247685 0.020833 0.023148
0 0.662240 0.280556 0.023438 0.027778
0 0.685156 0.285648 0.024479 0.032407
0 0.722656 0.319444 0.026562 0.037037
0 0.677865 0.377315 0.043229 0.050926
0 0.673698 0.402315 0.044271 0.063889
0 0.712500 0.524074 0.055208 0.092593
0 0.684896 0.570370 0.069792 0.107407
0 0.642708 0.753241 0.097917 0.123148
0 0.301563 0.629167 0.069792 0.104630
0 0.942448 0.767593 0.115104 0.238889
0 0.827083 0.694444 0.159375 0.109259
0 0.894531 0.639815 0.084896 0.096296
0 0.967708 0.574074 0.064583 0.083333
0 0.912500 0.506019 0.052083 0.075000
0 0.973177 0.444444 0.053646 0.131481
0 0.857552 0.368519 0.064062 0.092593
0 0.789844 0.374074 0.057813 0.103704
0 0.761198 0.320370 0.051562 0.079630
0 0.812760 0.290278 0.048438 0.052778
0 0.877083 0.302778 0.025000 0.031481
0 0.865365 0.285648 0.018229 0.028704
0 0.832031 0.261111 0.021354 0.024074
0 0.852344 0.259722 0.027604 0.026852
0 0.800781 0.235185 0.026562 0.027778
0 0.793490 0.212963 0.018229 0.020370
0 0.832552 0.233796 0.020313 0.019444
0 0.854427 0.225000 0.020313 0.014815
0 0.839844 0.216204 0.019271 0.017593
0 0.936198 0.289815 0.033854 0.042593
0 0.886719 0.232407 0.022396 0.022222
0 0.879948 0.210648 0.019271 0.021296
0 0.982031 0.268519 0.024479 0.024074
0 0.977344 0.256019 0.015104 0.021296
0 0.915885 0.238889 0.017188 0.020370
0 0.934375 0.234259 0.020833 0.025926
0 0.952083 0.243981 0.021875 0.019444
0 0.963021 0.237037 0.018750 0.018519
0 0.965104 0.220833 0.021875 0.017593
0 0.910156 0.221759 0.016146 0.034259
