0 0.044271 0.667130 0.068750 0.047222
0 0.072917 0.379167 0.022917 0.037963
0 0.090625 0.392130 0.013542 0.030556
0 0.121875 0.368056 0.020833 0.026852
0 0.140625 0.370833 0.025000 0.045370
0 0.216146 0.371296 0.025000 0.031481
0 0.205990 0.383796 0.035937 0.025000
0 0.216927 0.514352 0.028646 0.049074
0 0.256771 0.438889 0.032292 0.040741
0 0.269531 0.394907 0.029687 0.028704
0 0.263021 0.375000 0.034375 0.035185
0 0.296094 0.387963 0.014063 0.027778
0 0.298177 0.786111 0.065104 0.077778
0 0.327604 0.481019 0.021875 0.045370
0 0.379688 0.423148 0.026042 0.035185
0 0.379427 0.504167 0.024479 0.049074
0 0.382552 0.446296 0.039062 0.053704
0 0.428646 0.399074 0.012500 0.025926
0 0.412500 0.491667 0.044792 0.033333
0 0.408333 0.709259 0.078125 0.075926
0 0.464844 0.814815 0.045312 0.057407
0 0.573438 0.764352 0.081250 0.078704
0 0.493229 0.571759 0.044792 0.075000
0 0.475521 0.514815 0.051042 0.046296
0 0.479948 0.497685 0.040104 0.039815
0 0.449479 0.478704 0.028125 0.040741
0 0.511979 0.454630 0.040625 0.048148
0 0.448958 0.390278 0.014583 0.030556
0 0.477344 0.390741 0.013021 0.025926
0 0.508854 0.388426 0.007292 0.030556
0 0.541406 0.409722 0.033854 0.039815
0 0.533073 0.388426 0.015104 0.025000
0 0.570052 0.387037 0.011979 0.035185
0 0.638802 0.724537 0.084896 0.069444
0 0.726042 0.687037 0.076042 0.077778
0 0.668490 0.629167 0.065104 0.069444
0 0.588281 0.489815 0.032813 0.046296
0 0.623698 0.443981 0.035937 0.037963
0 0.752083 0.451852 0.041667 0.044444
0 0.708073 0.431481 0.040104 0.033333
0 0.703906 0.406944 0.026562 0.025000
0 0.755990 0.410185 0.028646 0.031481
0 0.809896 0.481944 0.042708 0.041667
0 0.827083 0.444907 0.037500 0.039815
0 0.904167 0.458796 0.033333 0.034259
0 0.964844 0.578704 0.063021 0.074074
