0 0.398698 0.874074 0.101562 0.144444
0 0.454948 0.783333 0.098437 0.166667
0 0.808854 0.806481 0.160417 0.148148
0 0.678385 0.603241 0.148438 0.106481
0 0.883073 0.561111 0.170313 0.142593
0 0.942187 0.485185 0.115625 0.120370
0 0.933594 0.387963 0.132812 0.103704
0 0.898438 0.225463 0.129167 0.100926
0 0.117448 0.374537 0.139063 0.108333
0 0.273698 0.471759 0.151562 0.119444
0 0.328125 0.643981 0.091667 0.141667
0 0.408854 0.601389 0.186458 0.139815
0 0.410417 0.549537 0.175000 0.128704
0 0.720052 0.525000 0.170313 0.090741
0 0.615365 0.462037 0.156771 0.111111
0 0.443750 0.394444 0.120833 0.100000
0 0.420573 0.382870 0.138021 0.087963
0 0.342969 0.364815 0.117188 0.077778
0 0.600000 0.353704 0.121875 0.088889
0 0.533594 0.325926 0.116146 0.094444
0 0.203646 0.244907 0.091667 0.087963
0 0.197135 0.207407 0.089063 0.085185
0 0.269792 0.155093 0.092708 0.084259
0 0.636719 0.185648 0.053646 0.102778
0 0.527865 0.239352 0.111979 0.093519
0 0.513802 0.255093 0.115104 0.086111
0 0.471354 0.299537 0.100000 0.069444
0 0.175521 0.148148 0.080208 0.085185
0 0.107031 0.132870 0.077604 0.089815
0 0.037760 0.287500 0.067187 0.089815
0 0.060677 0.251852 0.118229 0.103704
0 0.061719 0.175926 0.093229 0.074074
