0 0.205469 0.760417 0.067187 0.095833
0 0.259375 0.764583 0.056250 0.095833
0 0.312109 0.681944 0.069531 0.083333
0 0.300000 0.829167 0.203125 0.225000
0 0.374609 0.643750 0.061719 0.087500
0 0.377734 0.691667 0.055469 0.075000
0 0.432812 0.634028 0.053125 0.084722
0 0.447656 0.591667 0.056250 0.061111
0 0.475781 0.612500 0.059375 0.105556
0 0.510547 0.544444 0.057031 0.066667
0 0.553125 0.496528 0.051562 0.068056
0 0.587891 0.459028 0.060156 0.076389
0 0.595313 0.420833 0.051562 0.058333
0 0.659766 0.384028 0.049219 0.065278
0 0.717187 0.342361 0.053125 0.062500
0 0.800391 0.310417 0.053906 0.062500
0 0.847656 0.244444 0.056250 0.058333
0 0.933203 0.244444 0.047656 0.055556
