0 0.075000 0.621528 0.081250 0.118056
0 0.028516 0.595833 0.055469 0.108333
0 0.039062 0.817361 0.068750 0.065278
0 0.026953 0.966667 0.052344 0.061111
0 0.092578 0.538194 0.082031 0.112500
0 0.139844 0.450000 0.076563 0.113889
0 0.361719 0.753472 0.059375 0.098611
0 0.285156 0.714583 0.056250 0.090278
0 0.332813 0.588889 0.092188 0.066667
0 0.366797 0.366667 0.074219 0.113889
0 0.376953 0.259722 0.053906 0.102778
0 0.541406 0.565972 0.042188 0.079167
0 0.462891 0.195833 0.071094 0.083333
0 0.513281 0.237500 0.070312 0.100000
0 0.600391 0.184028 0.041406 0.062500
0 0.731250 0.193750 0.040625 0.090278
0 0.796875 0.229167 0.056250 0.100000
0 0.792969 0.421528 0.065625 0.104167
0 0.781250 0.293750 0.053125 0.101389
0 0.671094 0.650000 0.071875 0.069444
0 0.713672 0.686806 0.060156 0.081944
0 0.733203 0.725694 0.086719 0.095833
0 0.848828 0.566667 0.053906 0.116667
0 0.896875 0.361111 0.065625 0.102778
0 0.902344 0.259722 0.076563 0.083333
