0 0.157812 0.535185 0.052083 0.057407
0 0.148698 0.384722 0.039062 0.025000
0 0.166927 0.399537 0.041146 0.036111
0 0.207552 0.419907 0.052604 0.054630
0 0.188802 0.359722 0.045312 0.034259
0 0.277083 0.355093 0.036458 0.030556
0 0.059375 0.612037 0.035417 0.077778
0 0.047135 0.559259 0.057813 0.064815
0 0.316146 0.610648 0.066667 0.075000
0 0.396094 0.684722 0.078646 0.093519
0 0.412240 0.555556 0.067187 0.066667
0 0.326042 0.488889 0.052083 0.057407
0 0.348177 0.387500 0.043229 0.041667
0 0.421615 0.471296 0.048438 0.044444
0 0.406510 0.435648 0.051562 0.037963
0 0.410938 0.400463 0.036458 0.036111
0 0.398698 0.358796 0.036979 0.036111
0 0.397396 0.381481 0.041667 0.042593
0 0.428646 0.337963 0.043750 0.035185
0 0.463802 0.363426 0.034896 0.034259
0 0.485156 0.331019 0.038021 0.039815
0 0.527604 0.615741 0.069792 0.087037
0 0.591927 0.580556 0.061979 0.066667
0 0.637760 0.550463 0.056771 0.056481
0 0.597135 0.727778 0.081771 0.096296
0 0.698177 0.639815 0.079687 0.105556
0 0.608594 0.450926 0.053646 0.053704
0 0.505208 0.428241 0.040625 0.049074
0 0.456510 0.407870 0.042188 0.039815
0 0.482812 0.392593 0.043750 0.048148
0 0.511719 0.383333 0.042188 0.040741
0 0.525781 0.336111 0.033854 0.038889
0 0.559896 0.355093 0.033333 0.047222
0 0.570573 0.393519 0.043229 0.042593
0 0.617708 0.357870 0.039583 0.045370
0 0.630208 0.406019 0.042708 0.056481
0 0.710938 0.434722 0.046875 0.052778
0 0.704948 0.396296 0.045312 0.046296
0 0.734635 0.375926 0.048438 0.050000
0 0.764323 0.355556 0.042188 0.059259
0 0.762760 0.508333 0.058854 0.053704
0 0.816406 0.611574 0.083854 0.099074
0 0.952865 0.637500 0.066146 0.060185
0 0.888281 0.535185 0.072396 0.053704
0 0.814583 0.456481 0.055208 0.048148
0 0.829688 0.415741 0.046875 0.038889
0 0.838542 0.388426 0.072917 0.052778
0 0.875000 0.346759 0.035417 0.041667
0 0.907292 0.358796 0.032292 0.043519
0 0.925260 0.347685 0.025521 0.023148
0 0.922917 0.422222 0.051042 0.046296
0 0.917448 0.469907 0.057813 0.050926
0 0.988802 0.372685 0.022396 0.036111
0 0.986979 0.335648 0.026042 0.030556
