0 0.647917 0.759722 0.097917 0.176852
0 0.298177 0.644907 0.071354 0.136111
0 0.135417 0.492130 0.058333 0.091667
0 0.058073 0.410648 0.038021 0.078704
0 0.015104 0.345370 0.023958 0.062963
0 0.059375 0.306944 0.028125 0.062037
0 0.167969 0.401852 0.042188 0.061111
0 0.226302 0.419907 0.033854 0.060185
0 0.192188 0.317593 0.030208 0.062963
0 0.227344 0.290741 0.033854 0.055556
0 0.252344 0.354167 0.031771 0.056481
0 0.293490 0.452778 0.050521 0.062963
0 0.294010 0.381481 0.036979 0.059259
0 0.443229 0.466204 0.051042 0.078704
0 0.390365 0.348611 0.039062 0.063889
0 0.303646 0.296296 0.026042 0.048148
0 0.404687 0.283796 0.023958 0.050926
0 0.505469 0.284259 0.025521 0.031481
0 0.512760 0.304167 0.029687 0.037963
0 0.566667 0.317130 0.062500 0.050926
0 0.555990 0.277778 0.028646 0.027778
0 0.600260 0.250463 0.020313 0.025000
0 0.626823 0.297685 0.026562 0.036111
0 0.633333 0.270833 0.028125 0.032407
0 0.685937 0.578704 0.069792 0.131481
0 0.712500 0.529630 0.057292 0.100000
0 0.675000 0.406019 0.046875 0.069444
0 0.679948 0.379630 0.046354 0.068519
0 0.684896 0.287500 0.027083 0.034259
0 0.661979 0.281019 0.025000 0.032407
0 0.661458 0.246759 0.027083 0.023148
0 0.723698 0.317130 0.029687 0.041667
0 0.798438 0.415741 0.038542 0.046296
0 0.758073 0.343519 0.063021 0.057407
0 0.813021 0.289815 0.043750 0.077778
0 0.866146 0.283333 0.021875 0.033333
0 0.877865 0.304630 0.026562 0.035185
0 0.935677 0.290278 0.039062 0.047222
0 0.792448 0.214815 0.020313 0.024074
0 0.801562 0.238426 0.018750 0.023148
0 0.815104 0.220370 0.019792 0.022222
0 0.838021 0.215278 0.016667 0.023148
0 0.852865 0.221296 0.024479 0.024074
0 0.885938 0.231481 0.022917 0.022222
0 0.878646 0.211574 0.023958 0.021296
0 0.982292 0.270833 0.026042 0.026852
0 0.977604 0.255093 0.015625 0.021296
0 0.915104 0.238426 0.020833 0.023148
0 0.934375 0.234259 0.022917 0.031481
0 0.909375 0.215741 0.017708 0.022222
0 0.966406 0.220833 0.021354 0.017593
0 0.954167 0.247222 0.023958 0.025926
0 0.961719 0.234722 0.019271 0.019444
0 0.919010 0.505093 0.058854 0.080556
0 0.905990 0.643981 0.092188 0.106481
0 0.887240 0.710648 0.138021 0.087963
0 0.968750 0.579630 0.062500 0.092593
0 0.976823 0.465278 0.046354 0.104630
0 0.851823 0.383796 0.068229 0.076852
0 0.784896 0.387037 0.072917 0.059259
