0 0.042969 0.820370 0.084896 0.075926
0 0.046615 0.723611 0.092188 0.054630
0 0.193229 0.724537 0.081250 0.082407
0 0.319271 0.666667 0.067708 0.075926
0 0.205729 0.512037 0.034375 0.053704
0 0.217969 0.500463 0.027604 0.043519
0 0.106771 0.381944 0.029167 0.037963
0 0.140365 0.370833 0.029687 0.049074
0 0.120833 0.367130 0.031250 0.041667
0 0.230208 0.388889 0.016667 0.059259
0 0.216146 0.362963 0.028125 0.037037
0 0.260937 0.373611 0.028125 0.036111
0 0.286719 0.416667 0.016146 0.031481
0 0.323698 0.498148 0.044271 0.046296
0 0.332813 0.491667 0.044792 0.042593
0 0.409115 0.494444 0.042188 0.044444
0 0.417708 0.475463 0.040625 0.045370
0 0.531250 0.501389 0.045833 0.054630
0 0.521615 0.473611 0.046354 0.060185
0 0.511458 0.406481 0.026042 0.042593
0 0.551823 0.438889 0.030729 0.044444
0 0.586979 0.449537 0.027083 0.043519
0 0.637240 0.395833 0.022396 0.034259
0 0.692448 0.425926 0.032813 0.046296
0 0.703385 0.401389 0.018229 0.026852
0 0.740885 0.400463 0.013021 0.030556
0 0.736979 0.450000 0.031250 0.048148
0 0.796875 0.392593 0.018750 0.038889
0 0.820833 0.409722 0.022917 0.039815
0 0.853125 0.408333 0.023958 0.031481
0 0.745052 0.534722 0.140104 0.176852
0 0.898177 0.397685 0.029687 0.041667
0 0.925781 0.437963 0.027604 0.044444
0 0.950521 0.433333 0.025000 0.037037
0 0.976562 0.462037 0.020833 0.053704
0 0.929948 0.582407 0.128646 0.170370
