0 0.302604 0.630556 0.072917 0.133333
0 0.135677 0.490278 0.054688 0.080556
0 0.058594 0.412500 0.035937 0.073148
0 0.015885 0.343519 0.022396 0.046296
0 0.058594 0.305556 0.024479 0.044444
0 0.171094 0.403704 0.040104 0.053704
0 0.224219 0.415741 0.030729 0.051852
0 0.189323 0.306481 0.029687 0.081481
0 0.225260 0.295833 0.026562 0.039815
0 0.301823 0.296296 0.022396 0.031481
0 0.259115 0.352778 0.028646 0.059259
0 0.293750 0.385185 0.035417 0.057407
0 0.292969 0.453241 0.041146 0.054630
0 0.405469 0.287500 0.026562 0.041667
0 0.390104 0.350000 0.035417 0.057407
0 0.441927 0.460185 0.050521 0.062963
0 0.507292 0.283333 0.028125 0.037037
0 0.514583 0.305556 0.028125 0.038889
0 0.557292 0.278241 0.023958 0.030556
0 0.600781 0.247222 0.019271 0.031481
0 0.633854 0.272685 0.031250 0.036111
0 0.626823 0.297222 0.033854 0.035185
0 0.646615 0.757407 0.102604 0.148148
0 0.684896 0.573611 0.069792 0.117593
0 0.714323 0.526389 0.059896 0.097222
0 0.674219 0.404167 0.049479 0.069444
0 0.679948 0.383333 0.044271 0.070370
0 0.661198 0.281944 0.023438 0.032407
0 0.684635 0.285185 0.024479 0.038889
0 0.660417 0.247222 0.023958 0.025926
0 0.722135 0.315278 0.027604 0.034259
0 0.918750 0.504630 0.064583 0.070370
0 0.790625 0.211574 0.015625 0.021296
0 0.802083 0.239352 0.029167 0.026852
0 0.811979 0.220833 0.023958 0.021296
0 0.936979 0.289352 0.035417 0.043519
0 0.876823 0.305093 0.026562 0.039815
0 0.865365 0.281944 0.021354 0.030556
0 0.811719 0.296759 0.042188 0.078704
0 0.900781 0.639815 0.090104 0.101852
0 0.980469 0.265278 0.026562 0.037963
0 0.838802 0.243981 0.028646 0.036111
0 0.839583 0.220833 0.019792 0.028704
0 0.878906 0.210648 0.023438 0.019444
0 0.886719 0.234259 0.023438 0.024074
0 0.932552 0.232870 0.020313 0.026852
0 0.914323 0.242130 0.019271 0.026852
0 0.907813 0.212963 0.017708 0.024074
0 0.950000 0.244907 0.023958 0.021296
0 0.960677 0.238889 0.019271 0.025926
0 0.964583 0.226852 0.021875 0.033333
0 0.865104 0.685185 0.137500 0.153704
0 0.968229 0.579630 0.063542 0.090741
0 0.973437 0.448611 0.053125 0.139815
0 0.989583 0.676389 0.020833 0.102778
0 0.956771 0.797222 0.086458 0.083333
