0 0.134896 0.748611 0.112500 0.075000
0 0.285677 0.717130 0.080729 0.071296
0 0.367188 0.728241 0.072917 0.069444
0 0.380990 0.756481 0.063021 0.081481
0 0.440104 0.727315 0.070833 0.041667
0 0.378125 0.583796 0.025000 0.049074
0 0.414583 0.583333 0.032292 0.040741
0 0.450260 0.600463 0.038021 0.060185
0 0.503646 0.604630 0.064583 0.059259
0 0.623958 0.643056 0.035417 0.054630
0 0.641406 0.686111 0.048438 0.044444
0 0.643229 0.734259 0.071875 0.062963
0 0.735417 0.648148 0.040625 0.051852
0 0.794531 0.677315 0.086979 0.065741
0 0.856250 0.664352 0.050000 0.052778
0 0.870313 0.728241 0.051042 0.049074
0 0.950260 0.722685 0.055729 0.049074
0 0.896354 0.558333 0.032292 0.044444
0 0.822135 0.367593 0.024479 0.062963
0 0.873437 0.421296 0.022917 0.057407
0 0.914844 0.358333 0.022396 0.061111
0 0.927344 0.410185 0.023438 0.040741
0 0.955990 0.500463 0.024479 0.056481
0 0.980990 0.518056 0.029687 0.049074
0 0.101562 0.694907 0.054167 0.045370
