0 0.064844 0.698611 0.040104 0.062037
0 0.009635 0.615741 0.018229 0.051852
0 0.108333 0.662500 0.040625 0.071296
0 0.153646 0.580556 0.031250 0.064815
0 0.216667 0.636574 0.034375 0.062037
0 0.357292 0.650463 0.034375 0.073148
0 0.442708 0.605093 0.034375 0.052778
0 0.484896 0.693981 0.051042 0.082407
0 0.588021 0.640278 0.035417 0.086111
0 0.632812 0.568981 0.033333 0.067593
0 0.739062 0.606019 0.030208 0.071296
0 0.768229 0.568056 0.037500 0.060185
0 0.842187 0.591204 0.027083 0.058333
0 0.901042 0.648611 0.034375 0.069444
0 0.989062 0.676389 0.021875 0.080556
