0 0.027344 0.682407 0.053646 0.092593
0 0.099219 0.656944 0.038021 0.087963
0 0.129427 0.584722 0.035937 0.069444
0 0.227604 0.624537 0.038542 0.065741
0 0.329167 0.709722 0.129167 0.141667
0 0.358333 0.633333 0.142708 0.083333
0 0.467187 0.595833 0.034375 0.060185
0 0.583333 0.675926 0.123958 0.094444
0 0.653385 0.557870 0.034896 0.078704
0 0.746094 0.609722 0.038021 0.082407
0 0.788021 0.668056 0.047917 0.065741
0 0.860417 0.706944 0.098958 0.097222
0 0.859635 0.567130 0.029687 0.071296
0 0.879167 0.593981 0.034375 0.067593
