0 0.227344 0.592361 0.096875 0.140278
0 0.116406 0.504167 0.090625 0.113889
0 0.106250 0.476389 0.075000 0.102778
0 0.166797 0.331250 0.063281 0.087500
0 0.066797 0.254167 0.039844 0.088889
0 0.025391 0.268056 0.049219 0.086111
0 0.330469 0.429861 0.062500 0.084722
0 0.296875 0.277778 0.071875 0.091667
0 0.375391 0.272917 0.061719 0.076389
0 0.485547 0.346528 0.069531 0.081944
0 0.516797 0.269444 0.064844 0.069444
0 0.549609 0.431250 0.058594 0.095833
0 0.551953 0.388194 0.067969 0.090278
0 0.688281 0.509028 0.073438 0.093056
0 0.712500 0.415972 0.051562 0.093056
0 0.773828 0.400694 0.057031 0.101389
0 0.839453 0.500000 0.086719 0.127778
