0 0.411719 0.749306 0.207813 0.195833
0 0.301953 0.699306 0.053906 0.070833
0 0.353125 0.682639 0.062500 0.084722
0 0.401172 0.627778 0.057031 0.086111
0 0.460156 0.636111 0.060937 0.072222
0 0.460156 0.586806 0.065625 0.073611
0 0.505859 0.546528 0.052344 0.048611
0 0.503125 0.581944 0.051562 0.075000
0 0.547266 0.552083 0.063281 0.090278
0 0.584375 0.500000 0.065625 0.075000
0 0.622656 0.445833 0.053125 0.075000
0 0.662109 0.406250 0.052344 0.065278
0 0.673047 0.375694 0.058594 0.051389
0 0.730859 0.340278 0.050781 0.061111
0 0.793359 0.322222 0.058594 0.063889
0 0.880469 0.279861 0.053125 0.065278
0 0.929688 0.229861 0.045312 0.043056
