0 0.093750 0.359722 0.048438 0.052778
0 0.107422 0.395139 0.050781 0.051389
0 0.151953 0.377083 0.032031 0.037500
0 0.165234 0.352083 0.030469 0.037500
0 0.196094 0.389583 0.034375 0.034722
0 0.217188 0.384722 0.015625 0.061111
0 0.109375 0.511111 0.110937 0.169444
0 0.350000 0.607639 0.151562 0.154167
0 0.506641 0.587500 0.066406 0.086111
0 0.596875 0.660417 0.057813 0.073611
0 0.614453 0.508333 0.038281 0.080556
0 0.667578 0.545139 0.047656 0.090278
0 0.723437 0.447222 0.028125 0.063889
0 0.858203 0.661111 0.099219 0.375000
