0 0.580469 0.832870 0.060937 0.147222
0 0.668750 0.805556 0.060417 0.170370
0 0.740885 0.819444 0.100521 0.192593
0 0.760156 0.775463 0.083854 0.104630
0 0.892969 0.870833 0.068229 0.121296
0 0.876042 0.806481 0.131250 0.098148
0 0.106250 0.532870 0.047917 0.054630
0 0.067969 0.473148 0.036979 0.050000
0 0.081510 0.508333 0.035937 0.042593
0 0.147656 0.512500 0.025521 0.039815
0 0.014583 0.504167 0.028125 0.041667
0 0.189844 0.511111 0.021354 0.037037
0 0.207031 0.462037 0.027604 0.038889
0 0.247396 0.506944 0.031250 0.032407
0 0.019010 0.443519 0.025521 0.033333
0 0.033594 0.436111 0.022396 0.031481
0 0.050000 0.451852 0.016667 0.031481
0 0.244271 0.458333 0.029167 0.027778
0 0.278385 0.467593 0.035937 0.031481
0 0.267448 0.439815 0.017188 0.027778
0 0.360938 0.572685 0.028125 0.039815
0 0.322135 0.469907 0.036979 0.037963
0 0.370833 0.493519 0.014583 0.025926
0 0.351042 0.483796 0.021875 0.047222
0 0.435417 0.562963 0.033333 0.066667
0 0.407813 0.553241 0.038542 0.039815
0 0.456250 0.528241 0.029167 0.050926
0 0.428125 0.498611 0.023958 0.034259
0 0.395313 0.494444 0.030208 0.031481
0 0.400260 0.458333 0.024479 0.027778
0 0.425781 0.460185 0.025521 0.027778
0 0.437240 0.442593 0.031771 0.027778
0 0.456250 0.451852 0.017708 0.029630
0 0.480990 0.459722 0.029687 0.036111
0 0.510677 0.463426 0.023438 0.034259
0 0.541146 0.495833 0.036458 0.037963
0 0.597656 0.456019 0.032813 0.043519
0 0.620052 0.444907 0.018229 0.043519
0 0.684635 0.532870 0.029687 0.047222
0 0.744531 0.525463 0.039062 0.062037
0 0.609115 0.527778 0.033854 0.033333
0 0.639844 0.592130 0.024479 0.047222
0 0.633594 0.492593 0.034896 0.027778
0 0.845573 0.500926 0.042188 0.050000
0 0.647396 0.453241 0.031250 0.036111
0 0.686198 0.466667 0.019271 0.038889
0 0.925781 0.489352 0.034896 0.045370
0 0.941146 0.451852 0.025000 0.040741
0 0.771615 0.486574 0.047396 0.052778
0 0.815625 0.470833 0.019792 0.043519
0 0.837240 0.453241 0.015104 0.032407
0 0.803646 0.874074 0.082292 0.111111
